image: kartoslam.pgm
resolution: 0.025000
origin: [-7.146877, -5.539215, 0.000000]
negate: 0
occupied_thresh: 0.65
free_thresh: 0.196

